[[0, 0, 0, 0, 0, 0.0171875, 0.11, 0.0275, 0, 0, 0.022125, 0, 0.00125, 10.42, 0, 0.125, 0, 0.125, 0, 0, 0, 0, 0, 0, 0, 0 ],
 [0, 0, 0, 0, 0, 0, 0, 0, 0, 0, 0, 0, 0, 0, 0, 0, 0, 0, 0.00125, 0.0015625, 0.125, 0.0075, 0.005, 0.00375, 1, 0.04375],
 [7.489167, 0.25, 233.34, 0.25, 0, 28.125, 0, 0, 41.0417, 20.84, 0, 6.25, 0, 0, 0, 0, 0, 0, 0, 0, 0, 0.017, 0.0067, 0, 0, 0],
 [0, 0, 0, 0, 0, 0, 0, 0, 0, 0, 0, 8.25, 0, 0, 112.5, 0, 7, 0, 1.67, 1.67, 0, 0.005, 0.01, 0, 0, 0]]
[ 0.01, 0.01, 0.01, 0.02, 0.02, 0,03, 0.04, 0.04, 0.05, 0.06, 0.06, 0.07, 0.07, 0.07, 0.07, 0.06, 0.06, 0.05, 0.05, 0.04, 0.03, 0.02, 0.02, 0.01, 0.01, 0.01, 0.01 ]
[ 87, 88, 89, 90, 91, 92, 93, 94, 95, 96, 97, 98, 99, 100, 101, 102, 103, 104, 105, 106, 107, 108, 109, 110, 111, 112, 113]
[ 0.03, 0.16, 0.21, 0.19, 0.15, 0.11, 0.07, 0.04, 0.02, 0.01, 0.01]
[ 0.01, 0.02, 0.03, 0.04, 0.05, 0.06, 0.07, 0.08, 0.09, 0.10, 0.11]
[4.37, 2.49, 1.97, 7.08, 9.57, 3.99, 2.76, 5.54, 3.37, 15.75, 5.07, 3.48, 3.17, 7.67, 3.99, 4.49, 31.67, 3.95, 2.46, 1.19, 1.16, 0.73, 0.53, 0.6, 0.39, 2.49]
[4, 4, 3, 2]
15
[40, 50, 55, 60, 65]
[4, 6, 8, 10, 12]
10
